; tstlat.txt
; I/O device: Indigo io virtual 1/2 ASIO
;
tlabel=Indigo io virtual 1/2 ASIO
size=2048
count=80
rate=32000
;
-778153.600
-775507.200
-776284.800
-773715.200
-775920.000
-772003.200
-775273.600
-774153.600
-775305.600
-773184.000
-772739.200
-770960.000
-772300.800
-771488.000
-771798.400
-768816.000
-769312.000
-768291.200
-769542.400
-768163.200
-767328.000
-765366.400
-765046.400
-764035.200
-764124.800
-764188.800
-764560.000
-763296.000
-763497.600
-760803.200
-762195.200
-759814.400
-760252.800
-758736.000
-759657.600
-757779.200
-760291.200
-756588.800
-758739.200
-756336.000
-756582.400
-755872.000
-756627.200
-754560.000
-754550.400
-752867.200
-753936.000
-753308.800
-754592.000
-750688.000
-754393.600
-750640.000
-751254.400
-749750.400
-750131.200
-748976.000
-749750.400
-746854.400
-748838.400
-746592.000
-747491.200
-745974.400
-746419.200
-745382.400
-745049.600
-742684.800
-744057.600
-744073.600
-742121.600
-742076.800
-743420.800
-741027.200
-740252.800
-687795.200
-248537.600
382310.400
-1099824.000
-968560.000
159984.000
-2792201.600
-2080582.400
-42362700.800
-8374812.800
-24314134.400
-60249532.800
72071356.800
-104228627.200
160556384.000
-279409200.000
719934380.800
1685048390.400
-347118777.600
164395686.400
-86423564.800
32347132.800
-4728502.400
21096928.000
58507750.400
-49201088.000
115966300.800
-114172332.800
116358838.400
-122627980.800
121504476.800
-123171619.200
118317225.600
-117585020.800
110428700.800
-108278819.200
99508979.200
-97901878.400
88756963.200
-87230940.800
78285545.600
-77069209.600
68501331.200
-67713939.200
59612131.200
-59320819.200
51681609.600
-51858908.800
44683241.600
-45298486.400
38550476.800
-39563638.400
33200780.800
-34572144.000
28553830.400
-30238569.600
24524179.200
-26485161.600
21033568.000
-23231763.200
18013043.200
-20417056.000
15397030.400
-17982076.800
13135200.000
-15872595.200
11177059.200
-14046224.000
9482739.200
-12463760.000
8011993.600
-11091529.600
6739776.000
-9902630.400
5634268.800
-8868057.600
4677715.200
-7971084.800
3841129.600
-7189654.400
3117539.200
-6508816.000
2486345.600
-5917024.000
1939577.600
-5402150.400
1462857.600
-4951897.600
1048697.600
-4561257.600
684492.800
-4220969.600
370832.000
-3922492.800
94000.000
-3660428.800
-146156.800
-3432144.000
-354675.200
-3230153.600
-540214.400
-3057814.400
-699241.600
-2902742.400
-836368.000
-2769593.600
-957750.400
-2651670.400
-1063574.400
-2549120.000
-1158691.200
-2455827.200
-1239180.800
-2378659.200
-1308944.000
-2308000.000
-1370841.600
-2248201.600
-1427126.400
-2192083.200
-1472544.000
-2143936.000
-1513065.600
-2103372.800
-1547584.000
-2064467.200
-1579267.200
-2033008.000
-1605769.600
-2002153.600
-1631097.600
-1978454.400
-1649824.000
-1956326.400
-1666668.800
-1934451.200
-1680889.600
-1917126.400
-1693088.000
-1901452.800
-1704576.000
-1888992.000
-1713724.800
-1874499.200
-1722787.200
-1864150.400
-1730505.600
-1852460.800
-1735644.800
-1843116.800
-1741456.000
-1836224.000
-1744422.400
-1827408.000
-1747548.800
-1819580.800
-1750537.600
-1813411.200
-1754912.000
-1807817.600
-1754784.000
-1801728.000
-1756659.200
-1798681.600
-1757830.400
-1794617.600
-1759062.400
-1789958.400
-1758038.400
-1785740.800
-1759312.000
-1780598.400
-1757891.200
-1779920.000
-1758118.400
-1775424.000
-1756790.400
-1772230.400
-1754688.000
-1769801.600
-1755411.200
-1766659.200
-1753676.800
-1763046.400
-1753417.600
-1758848.000
-1752633.600
-1756435.200
-1750128.000
-1755321.600
-1750940.800
-1753817.600
-1746646.400
-1752019.200
-1747094.400
-1748969.600
-1743203.200
-1746710.400
-1742902.400
-1744646.400
-1740163.200
-1741062.400
-1740720.000
-1740025.600
-1739849.600
-1737936.000
-1735475.200
-1738121.600
-1733404.800
-1734604.800
-1731539.200
-1732928.000
-1729996.800
-1730355.200
-1728275.200
-1728694.400
-1727152.000
-1728624.000
-1725584.000
-1725526.400
-1723974.400
-1724505.600
-1721516.800
-1721961.600
-1719363.200
-1718774.400
-1715529.600
-1718937.600
-1715744.000
-1716576.000
-1713516.800
-1713936.000
-1711420.800
-1709849.600
-1709696.000
-1710102.400
-1706614.400
-1708550.400
-1706940.800
-1706438.400
-1704358.400
-1703436.800
-1702012.800
-1702700.800
-1701030.400
-1700342.400
-1699232.000
-1698448.000
-1697177.600
-1695536.000
-1694940.800
-1696396.800
-1693254.400
-1692000.000
-1690246.400
-1691673.600
-1691251.200
-1689712.000
-1688147.200
-1688064.000
-1685488.000
-1685369.600
-1684179.200
-1684659.200
-1681939.200
-1682233.600
-1681094.400
-1679974.400
-1676867.200
-1678208.000
-1675606.400
-1675257.600
-1674652.800
-1675395.200
-1673369.600
-1673321.600
-1672211.200
-1670995.200
-1668694.400
-1668998.400
-1668022.400
-1667968.000
-1665270.400
-1665395.200
-1663686.400
-1663715.200
-1662793.600
-1662742.400
-1659280.000
-1660537.600
-1658652.800
-1660243.200
-1657264.000
-1656723.200
-1656230.400
-1655760.000
-1652934.400
-1652236.800
-1649612.800
-1653126.400
-1649008.000
-1646582.400
-1647881.600
-1647443.200
-1646809.600
-1645875.200
-1643507.200
-1643900.800
-1642316.800
-1641084.800
-1641059.200
-1639251.200
-1638931.200
-1638336.000
-1636566.400
-1637148.800
-1633820.800
-1634284.800
-1634659.200
-1634204.800
-1631673.600
-1631433.600
-1631299.200
-1630086.400
-1627296.000
-1627708.800
-1626460.800
-1624208.000
-1624240.000
-1624841.600
-1620819.200
-1622387.200
-1619417.600
-1620822.400
-1619145.600
-1619360.000
-1617318.400
-1614080.000
-1616336.000
-1614284.800
-1612230.400
-1613670.400
-1612374.400
-1612640.000
-1609680.000
-1610748.800
-1609238.400
-1607270.400
-1607228.800
-1606598.400
-1604668.800
-1604540.800
-1602345.600
-1602988.800
-1601939.200
-1601760.000
-1599971.200
-1599100.800
-1597542.400
-1597123.200
-1594672.000
-1594592.000
-1594230.400
-1595158.400
-1592246.400
-1593340.800
-1591078.400
-1591590.400
-1588409.600
-1588544.000
-1587852.800
-1586592.000
-1584553.600
-1584028.800
-1584019.200
-1585289.600
-1582108.800
-1581808.000
-1582403.200
-1577449.600
-1579513.600
-1579600.000
-1577337.600
-1577692.800
-1574841.600
-1575072.000
-1573561.600
-1574598.400
-1571024.000
-1571033.600
-1570390.400
-1569750.400
-1568630.400
-1568598.400
-1566860.800
-1565628.800
-1563920.000
-1564886.400
-1562016.000
-1564748.800
-1561494.400
-1561856.000
-1559436.800
-1560220.800
-1558118.400
-1557907.200
-1555926.400
-1554876.800
-1553958.400
-1553270.400
-1553776.000
-1552793.600
-1550025.600
-1551398.400
-1547276.800
-1549318.400
-1546384.000
-1546851.200
-1545552.000
-1547254.400
-1543510.400
-1545398.400
-1544473.600
-1542444.800
-1540838.400
-1541862.400
-1539008.000
-1540156.800
-1537859.200
-1537587.200
-1535923.200
-1537481.600
-1535952.000
-1534905.600
-1531932.800
-1533324.800
-1531424.000
-1531744.000
-1529728.000
-1528873.600
-1527340.800
-1527628.800
-1526310.400
-1524729.600
-1524009.600
-1522393.600
-1522140.800
-1523292.800
-1520684.800
-1520332.800
-1518428.800
-1518963.200
-1518080.000
-1516729.600
-1514732.800
-1515078.400
-1514432.000
-1514080.000
-1512678.400
-1511347.200
-1509078.400
-1512256.000
-1508179.200
-1508777.600
-1506985.600
-1507331.200
-1504515.200
-1505168.000
-1503065.600
-1503699.200
-1501228.800
-1502534.400
-1501065.600
-1500921.600
-1499683.200
-1497008.000
-1498028.800
-1496908.800
-1496220.800
-1496761.600
-1495772.800
-1494515.200
-1492995.200
-1492966.400
-1490441.600
-1491398.400
-1487980.800
-1487392.000
-1488358.400
-1490096.000
-1486988.800
-1485830.400
-1484185.600
-1483932.800
-1483046.400
-1481993.600
-1480556.800
-1480608.000
-1477641.600
-1477891.200
-1477753.600
-1477782.400
-1474150.400
-1475862.400
-1474099.200
-1474838.400
-1472851.200
-1472976.000
-1470268.800
-1471392.000
-1469401.600
-1470745.600
-1468294.400
-1466729.600
-1465728.000
-1466009.600
-1464841.600
-1463324.800
-1463296.000
-1463254.400
-1460121.600
-1460064.000
-1458681.600
-1460150.400
-1457792.000
-1457897.600
-1456636.800
-1456515.200
-1455049.600
-1455408.000
-1453443.200
-1453686.400
-1450809.600
-1451779.200
-1449964.800
-1451366.400
-1449164.800
-1448448.000
-1447164.800
-1448499.200
-1442688.000
-1447507.200
-1444006.400
-1443584.000
-1440585.600
-1441785.600
-1440412.800
-1440416.000
-1438070.400
-1438406.400
-1437430.400
-1437241.600
-1434624.000
-1435833.600
-1433606.400
-1434220.800
-1431641.600
-1433846.400
-1430483.200
-1430604.800
-1431388.800
-1430310.400
-1429123.200
-1427401.600
-1425625.600
-1425865.600
-1424812.800
-1423404.800
-1422313.600
-1420803.200
-1420544.000
-1421744.000
-1419987.200
-1419590.400
-1418601.600
-1416534.400
-1415532.800
-1416822.400
-1414128.000
-1415769.600
-1411648.000
-1411580.800
-1412422.400
-1412592.000
-1410425.600
-1410992.000
-1408489.600
-1408726.400
-1407324.800
-1407212.800
-1403433.600
-1405958.400
-1402851.200
-1405331.200
-1401296.000
-1402713.600
-1399273.600
-1400864.000
-1398870.400
-1399424.000
-1398697.600
-1396899.200
-1395728.000
-1397820.800
-1393462.400
-1393545.600
-1393532.800
-1393363.200
-1392201.600
-1390742.400
-1389644.800
-1391164.800
-1385971.200
-1389334.400
-1387145.600
-1386281.600
-1385353.600
-1387350.400
-1382931.200
-1384188.800
-1381107.200
-1381241.600
-1379289.600
-1379193.600
-1379315.200
-1378899.200
-1377104.000
-1378025.600
-1375462.400
-1376646.400
-1373683.200
-1374236.800
-1372505.600
-1374291.200
-1371088.000
-1371753.600
-1368611.200
-1369574.400
-1367910.400
-1367910.400
-1365683.200
-1367494.400
-1364908.800
-1365494.400
-1364064.000
-1364380.800
-1360307.200
-1362704.000
-1359398.400
-1360048.000
-1357939.200
-1359820.800
-1357824.000
-1356892.800
-1355452.800
-1355472.000
-1354265.600
-1353843.200
-1353616.000
-1353187.200
-1349744.000
-1351020.800
-1349350.400
-1349875.200
-1348364.800
-1346870.400
-1348540.800
-1348060.800
-1345900.800
-1345123.200
-1344121.600
-1342329.600
-1343728.000
-1343299.200
-1340086.400
-1339289.600
-1339011.200
-1339056.000
-1336716.800
-1338176.000
-1336780.800
-1336678.400
-1335443.200
-1334944.000
-1333241.600
-1334620.800
-1331648.000
-1332739.200
-1328396.800
-1330816.000
-1330179.200
-1328710.400
-1325200.000
-1327929.600
-1323648.000
-1325705.600
-1324220.800
-1323827.200
-1322003.200
-1324944.000
-1321830.400
-1323366.400
-1319811.200
-1320688.000
-1318992.000
-1318083.200
-1316272.000
-1317152.000
-1315235.200
-1315219.200
-1314796.800
-1313766.400
-1312566.400
-1312588.800
-1310099.200
-1311113.600
-1309568.000
-1310035.200
-1305846.400
-1307267.200
-1308422.400
-1306115.200
-1305491.200
-1306041.600
-1302121.600
-1303785.600
-1299302.400
-1301852.800
-1299465.600
-1299558.400
-1299097.600
-1298064.000
-1296915.200
-1298460.800
-1296361.600
-1296476.800
-1293747.200
-1294294.400
-1292617.600
-1293443.200
-1290272.000
-1292131.200
-1290553.600
-1289113.600
-1288995.200
-1288169.600
-1286537.600
-1286886.400
-1285270.400
-1285104.000
-1282540.800
-1285382.400
-1283977.600
-1283318.400
-1281136.000
-1281081.600
-1279641.600
-1279980.800
-1278931.200
-1278118.400
-1275222.400
-1276537.600
-1275699.200
-1275318.400
-1274128.000
-1274467.200
-1273628.800
-1272560.000
-1271628.800
-1272147.200
-1269164.800
-1271398.400
-1267593.600
-1269113.600
-1266380.800
-1267961.600
-1266380.800
-1265235.200
-1262992.000
-1263059.200
-1264220.800
-1260742.400
-1261228.800
-1260118.400
-1260860.800
-1258454.400
-1256131.200
-1257398.400
-1256208.000
-1256876.800
-1254934.400
-1254611.200
-1254185.600
-1255075.200
-1252412.800
-1252048.000
-1252553.600
-1250777.600
-1249942.400
-1249856.000
-1245849.600
-1248092.800
-1247964.800
-1247750.400
-1244345.600
-1246169.600
-1243068.800
-1244710.400
-1242976.000
-1242668.800
-1241014.400
-1238723.200
-1240320.000
-1240745.600
-1237824.000
-1238800.000
-1237225.600
-1236643.200
-1236099.200
-1235520.000
-1232419.200
-1234214.400
-1232489.600
-1231891.200
-1230176.000
-1231372.800
-1230515.200
-1229577.600
-1229014.400
-1227619.200
-1227001.600
-1225596.800
-1224096.000
-1225084.800
-1225372.800
-1224921.600
-1223168.000
-1223107.200
-1223152.000
-1222016.000
-1219769.600
-1218592.000
-1217520.000
-1218057.600
-1216112.000
-1217152.000
-1214963.200
-1214870.400
-1214124.800
-1214310.400
-1211932.800
-1211798.400
-1210816.000
-1213203.200
-1208486.400
-1208819.200
-1206716.800
-1209632.000
-1206051.200
-1207523.200
-1205616.000
-1206000.000
-1203225.600
-1203369.600
-1202864.000
-1204060.800
-1200867.200
-1202720.000
-1200227.200
-1199360.000
-1198339.200
-1199644.800
-1196854.400
-1197104.000
-1195174.400
-1196867.200
-1194601.600
-1193616.000
-1192822.400
-1192870.400
-1191628.800
-1190812.800
-1190617.600
-1190313.600
-1189523.200
-1189347.200
-1186921.600
-1189564.800
-1185606.400
-1187750.400
-1185344.000
-1184009.600
-1183958.400
-1185321.600
-1183411.200
-1182384.000
-1179772.800
-1180518.400
-1177712.000
-1180358.400
-1178192.000
-1179699.200
-1176524.800
-1175987.200
-1173491.200
-1176166.400
-1173222.400
-1173955.200
-1171331.200
-1170876.800
-1171651.200
-1172595.200
-1170816.000
-1170208.000
-1165856.000
-1167075.200
-1167606.400
-1167043.200
-1166307.200
-1165446.400
-1163331.200
-1164288.000
-1162723.200
-1163872.000
-1160755.200
-1163020.800
-1159622.400
-1160976.000
-1159081.600
-1158316.800
-1158227.200
-1157968.000
-1157344.000
-1157398.400
-1156003.200
-1155232.000
-1155814.400
-1154659.200
-1153846.400
-1154880.000
-1150860.800
-1152809.600
-1150732.800
-1151596.800
-1149481.600
-1149577.600
-1147523.200
-1148073.600
-1146048.000
-1146624.000
-1144873.600
-1145408.000
-1142588.800
-1145766.400
-1140838.400
-1142137.600
-1141660.800
-1141472.000
-1140067.200
-1139884.800
-1136467.200
-1137171.200
-1135958.400
-1136444.800
-1133766.400
-1136316.800
-1132748.800
-1134156.800
-1132966.400
-1132924.800
-1130982.400
-1131308.800
-1130979.200
-1129635.200
-1128633.600
-1129334.400
-1126681.600
-1127590.400
-1126633.600
-1126716.800
-1124720.000
-1124652.800
-1124249.600
-1122105.600
-1122220.800
-1121222.400
-1121308.800
-1120780.800
-1119811.200
-1118944.000
-1117606.400
-1119401.600
-1115494.400
-1117328.000
-1114816.000
-1118051.200
-1112697.600
-1113849.600
-1112220.800
-1112857.600
-1111379.200
-1112275.200
-1111212.800
-1109270.400
-1107126.400
-1109366.400
-1107420.800
-1107526.400
-1105056.000
-1106291.200
-1103017.600
-1104243.200
-1101792.000
-1104566.400
-1102352.000
-1103132.800
-1100739.200
-1102320.000
-1099280.000
-1099568.000
-1098140.800
-1099571.200
-1096499.200
-1096448.000
-1093859.200
-1093648.000
-1094553.600
-1095360.000
-1093878.400
-1094108.800
-1093030.400
-1092214.400
-1089600.000
-1090198.400
-1088758.400
-1090112.000
-1087676.800
-1089132.800
-1084928.000
-1086332.800
-1083744.000
-1084435.200
-1083555.200
-1084803.200
-1081331.200
-1082787.200
-1080422.400
-1081929.600
-1081561.600
-1081158.400
-1078652.800
-1079772.800
-1077980.800
-1079200.000
-1076905.600
-1076768.000
-1075964.800
-1074672.000
-1072572.800
-1076819.200
-1072796.800
-1072368.000
-1071059.200
-1071942.400
-1070057.600
-1069321.600
-1067824.000
-1069500.800
-1068633.600
-1069219.200
-1065190.400
-1066400.000
-1065232.000
-1067168.000
-1062422.400
-1063974.400
-1063488.000
-1063408.000
-1061689.600
-1062032.000
-1059113.600
-1061283.200
-1058396.800
-1058630.400
-1055500.800
-1059008.000
-1055833.600
-1055059.200
-1054435.200
-1055459.200
-1054470.400
-1053574.400
-1052803.200
-1052643.200
-1051379.200
-1053212.800
-1048796.800
-1050166.400
-1049008.000
-1050169.600
-1047132.800
-1047632.000
-1045228.800
-1047724.800
-1043958.400
-1043244.800
-1044198.400
-1044937.600
-1043203.200
-1042278.400
-1040508.800
-1041952.000
-1039718.400
-1040300.800
-1038819.200
-1039388.800
-1036972.800
-1037209.600
-1035481.600
-1037571.200
-1034918.400
-1034435.200
-1034518.400
-1034249.600
-1033324.800
-1031868.800
-1031830.400
-1031961.600
-1029849.600
-1029283.200
-1029052.800
-1027798.400
-1027353.600
-1027296.000
-1026457.600
-1026963.200
-1024915.200
-1025209.600
-1024230.400
-1024377.600
-1022838.400
-1022387.200
-1022825.600
-1020745.600
-1018873.600
-1021123.200
-1018857.600
-1018774.400
-1017324.800
-1018345.600
-1016710.400
-1016083.200
-1015520.000
-1015728.000
-1015414.400
-1015648.000
-1012745.600
-1012508.800
-1011596.800
-1012947.200
-1010416.000
-1012108.800
-1009475.200
-1009545.600
-1009302.400
-1009222.400
-1006323.200
-1008083.200
-1004595.200
-1006835.200
-1004515.200
-1004224.000
-1004857.600
-1002816.000
-1002742.400
-1004025.600
-1001059.200
-1001068.800
-997971.200
-1000764.800
-998985.600
-999593.600
-996992.000
-997788.800
-995312.000
-997174.400
-994723.200
-995593.600
-992620.800
-994416.000
-992547.200
-990531.200
-990300.800
-992006.400
-990899.200
-990313.600
-989824.000
-988857.600
-985369.600
-988608.000
-985216.000
-985059.200
-983910.400
-984416.000
-984384.000
-984454.400
-981968.000
-982412.800
-981702.400
-982083.200
-979974.400
-980284.800
-978412.800
-978208.000
-978995.200
-978204.800
-975865.600
-975664.000
-974982.400
-977372.800
-973116.800
-976284.800
-971350.400
-974960.000
-972227.200
-972339.200
-970409.600
-971353.600
-967731.200
-970188.800
-968787.200
-967878.400
-967011.200
-966563.200
-964608.000
-965574.400
-966646.400
-964316.800
-963148.800
-964016.000
-964265.600
-963094.400
-962387.200
-963008.000
-959302.400
-962307.200
-960844.800
-958976.000
-956489.600
-958860.800
-956003.200
-956854.400
-954076.800
-956905.600
-954080.000
-955955.200
-952281.600
-954707.200
-952230.400
-953641.600
-950316.800
-952649.600
-947561.600
-951446.400
-947132.800
-950252.800
-947065.600
-947462.400
-944569.600
-946240.000
-945532.800
-945507.200
-943980.800
-945606.400
-942454.400
-942355.200
-942211.200
-941440.000
-941670.400
-940611.200
-939555.200
-939334.400
-938768.000
-938252.800
-938630.400
-937059.200
-937568.000
-937715.200
-935804.800
-934713.600
-932675.200
-931200.000
-932633.600
-932723.200
-930684.800
-931772.800
-930614.400
-930851.200
-929296.000
-930889.600
-926211.200
-928438.400
-925785.600
-928905.600
-926627.200
-927833.600
-924508.800
-925670.400
-923913.600
-924726.400
-921491.200
-921942.400
-920665.600
-921366.400
-920265.600
-919715.200
-918880.000
-920342.400
-917795.200
-919280.000
-917481.600
-918560.000
-916150.400
-914694.400
-915040.000
-914204.800
-911683.200
-911939.200
-912707.200
-911088.000
-911872.000
-911939.200
-909622.400
-909404.800
-908227.200
-909702.400
-907603.200
-906768.000
-906668.800
-908089.600
-905280.000
-905750.400
-903817.600
-903084.800
-902633.600
-903910.400
-901993.600
-903680.000
-899420.800
-900652.800
-899833.600
-900614.400
-897926.400
-897334.400
-897244.800
-897030.400
-897609.600
-897910.400
-896137.600
-895929.600
-892563.200
-894134.400
-892355.200
-893987.200
-892742.400
-893561.600
-891251.200
-890342.400
-888556.800
-890492.800
-887520.000
-889088.000
-886307.200
-888022.400
-886524.800
-886371.200
-884188.800
-886652.800
-883360.000
-884438.400
-882662.400
-882652.800
-882176.000
-881168.000
-881344.000
-882825.600
-878438.400
-880288.000
-879347.200
-879488.000
-877129.600
-877993.600
-876784.000
-878288.000
-874768.000
-875840.000
-874451.200
-876153.600
-874246.400
-875276.800
-872780.800
-874521.600
-870307.200
-871676.800
-868976.000
-869280.000
-869907.200
-869920.000
-867811.200
-868803.200
-865929.600
-867638.400
-864752.000
-866147.200
-864454.400
-863142.400
-862473.600
-863004.800
-863312.000
-862553.600
-863104.000
-861212.800
-859715.200
-861318.400
-858592.000
-858681.600
-856931.200
-858448.000
-857264.000
-857734.400
-855040.000
-857059.200
-854060.800
-856656.000
-854723.200
-854390.400
-853433.600
-854137.600
-852272.000
-852608.000
-850073.600
-850198.400
-850406.400
-849955.200
-848700.800
-849635.200
-847651.200
-847801.600
-845395.200
-846876.800
-844553.600
-846204.800
-843737.600
-845408.000
-843404.800
-845417.600
-840886.400
-842924.800
-839056.000
-839852.800
-839801.600
-839084.800
-840176.000
-840790.400
-836742.400
-840268.800
-835843.200
-837689.600
-835827.200
-836320.000
-834444.800
-836604.800
-833424.000
-834387.200
-832787.200
-835049.600
-831824.000
-832742.400
-830038.400
-831539.200
-829068.800
-829385.600
-826915.200
-828208.000
-828297.600
-827814.400
-825328.000
-826492.800
-824848.000
-825494.400
-824345.600
-824851.200
-823520.000
-824476.800
-823235.200
-824115.200
-822732.800
-820547.200
-820464.000
-821609.600
-818032.000
-820848.000
-818428.800
-818188.800
-816896.000
-817065.600
-815628.800
-815580.800
-814560.000
-813420.800
-814086.400
-813619.200
-812934.400
-814236.800
-811152.000
-810960.000
-809289.600
-811097.600
-810892.800
-812377.600
-807600.000
-811571.200
-807084.800
-808275.200
-805625.600
-806201.600
-804038.400
-805494.400
-804438.400
-803702.400
-804201.600
-803596.800
-801750.400
-803091.200
-801884.800
-802105.600
-799168.000
-799830.400
-798284.800
-801353.600
-796604.800
-799206.400
-796745.600
-798640.000
-795779.200
-797164.800
-795692.800
-795792.000
-793708.800
-794249.600
-794928.000
-793702.400
-792326.400
-793408.000
-791564.800
-792217.600
-789843.200
-791152.000
-787331.200
-789961.600
-788755.200
-788499.200
-787763.200
-787868.800
-785692.800
-787548.800
-783728.000
-785513.600
-782844.800
-784358.400
-784809.600
-783827.200
-781145.600
-782867.200
-780848.000
-780006.400
-780851.200
-779952.000
-779302.400
-779596.800
-776358.400
-779539.200
-776528.000
-777888.000
-776268.800
-776822.400
-775424.000
-773737.600
-773568.000
-775936.000
-771923.200
-773504.000
-772566.400
-773254.400
-770636.800
-771491.200
-770220.800
-769785.600
-769168.000
-769145.600
-768435.200
-768361.600
-768268.800
-768204.800
-766185.600
-766636.800
-765392.000
-766185.600
-763065.600
-763040.000
-764348.800
-763091.200
-762563.200
-762131.200
-761936.000
-762003.200
-760496.000
-761433.600
-758268.800
-758361.600
-757900.800
-759120.000
-755705.600
-755971.200
-756672.000
-757228.800
-754662.400
-755574.400
-752579.200
-755059.200
-752963.200
-755632.000
-751804.800
-752620.800
-751065.600
-751308.800
-748265.600
-749984.000
-749593.600
-750953.600
-749456.000
-747510.400
-747462.400
-747408.000
-746854.400
-745987.200
-743993.600
-746534.400
-743657.600
-744950.400
-743580.800
-743936.000
-741948.800
-744086.400
-740780.800
-742166.400
-740972.800
-740656.000
-739568.000
-740547.200
-740192.000
-740512.000
-737084.800
-739712.000
-736569.600
-737049.600
-735680.000
-737126.400
-734444.800
-735964.800
-733904.000
-733766.400
-733059.200
-732841.600
-732032.000
-733481.600
-730944.000
-731952.000
-729043.200
-730086.400
-729222.400
-731577.600
-727936.000
-727808.000
-726950.400
-727920.000
-725331.200
-726771.200
-726412.800
-726118.400
-723884.800
-725094.400
-724281.600
-723920.000
-723110.400
-722204.800
-720803.200
-721939.200
-719568.000
-722099.200
-719427.200
-720464.000
-718508.800
-717196.800
-717568.000
-717049.600
-715353.600
-715939.200
-715875.200
-716288.000
-714112.000
-714934.400
-713635.200
-714489.600
-710755.200
-712444.800
-711254.400
-712691.200
-710259.200
-712028.800
-709750.400
-711024.000
-708460.800
-710614.400
-707910.400
-708841.600
-706668.800
-707244.800
-705808.000
-706326.400
-706390.400
-706899.200
-705276.800
-704723.200
-705424.000
-705168.000
-703692.800
-703718.400
-702790.400
-701683.200
-701545.600
-700828.800
-700022.400
-700908.800
-699728.000
-698592.000
-697129.600
-698604.800
-695475.200
-697705.600
-696134.400
-696886.400
-695084.800
-694870.400
-693891.200
-693385.600
-693433.600
-693158.400
-693376.000
-693152.000
-690531.200
-692262.400
-689462.400
-691379.200
-688150.400
-690460.800
-689990.400
-688316.800
-688499.200
-687692.800
-686387.200
-687145.600
-686000.000
-687177.600
-684790.400
-685308.800
-683446.400
-684883.200
-682131.200
-683548.800
-682185.600
-682051.200
-679984.000
-682508.800
-680960.000
-680953.600
-679270.400
-680972.800
-677590.400
-678265.600
-677299.200
-677379.200
-674483.200
-677123.200
-675110.400
-676438.400
-673644.800
-674832.000
-673468.800
-674550.400
-671977.600
-674812.800
-671654.400
-672572.800
-671193.600
-672633.600
-670281.600
-670332.800
-669942.400
-669571.200
-668294.400
-667980.800
-667225.600
-667904.000
-665772.800
-667702.400
-664124.800
-667843.200
-663152.000
-665868.800
-664729.600
-663331.200
-662704.000
-664828.800
-661564.800
-662838.400
-660828.800
-663504.000
-660006.400
-660528.000
-659180.800
-660358.400
-658953.600
-659785.600
-657795.200
-658400.000
-657100.800
-656208.000
-657136.000
-655520.000
-655526.400
-654915.200
-653644.800
-654672.000
-653443.200
-654515.200
-652592.000
-653267.200
-651849.600
-652297.600
-650201.600
-651808.000
-648316.800
-649235.200
-649308.800
-649219.200
-648144.000
-647036.800
-648156.800
-650019.200
-646307.200
-646380.800
-646672.000
-647212.800
-641939.200
-645993.600
-644016.000
-644435.200
-641884.800
-642921.600
-641011.200
-641648.000
-640428.800
-642236.800
-640576.000
-641043.200
-638892.800
-639411.200
-637440.000
-638147.200
-639881.600
-638764.800
-635929.600
-636192.000
-635158.400
-636403.200
-635161.600
-634755.200
-635852.800
-634224.000
-632832.000
-633360.000
-630681.600
-634979.200
-629833.600
-631561.600
-629545.600
-631251.200
-628524.800
-629996.800
-629430.400
-628384.000
-628051.200
-628409.600
-625200.000
-627587.200
-625206.400
-628208.000
-624752.000
-626377.600
-623401.600
-625616.000
-622960.000
-622153.600
-622995.200
-623177.600
-621228.800
-621392.000
-619670.400
-619929.600
-618979.200
-619664.000
-619747.200
-620160.000
-617638.400
-619500.800
-617516.800
-618236.800
-616451.200
-617696.000
-614601.600
-616432.000
-614096.000
-615404.800
-614614.400
-615177.600
-613513.600
-612774.400
-612416.000
-613798.400
-610896.000
-612592.000
-610361.600
-609612.800
-609868.800
-610755.200
-608211.200
-609318.400
-608963.200
-609094.400
-607878.400
-608131.200
-604880.000
-606816.000
-603516.800
-606016.000
-604467.200
-603523.200
-604486.400
-606009.600
-603558.400
-603251.200
-600841.600
-602217.600
-601302.400
-601612.800
-600867.200
-600595.200
-600060.800
-600809.600
-599689.600
-599449.600
-597043.200
-598569.600
-596358.400
